cube_id,card_ids,hash_id,hash_divisor
1,"{108,378,162,54,216,540,486,270,432,324}",0,54
1,"{163,55,487,109,379,217,1,325,271,433}",1,54
1,"{218,56,2,380,110,434,326,272,488,164}",2,54
1,"{273,435,327,111,57,381,3,489,165,219}",3,54
1,"{220,274,112,328,58,4,166,490,436,382}",4,54
1,"{329,5,491,221,275,437,59,167,383,113}",5,54
1,"{330,6,276,438,222,384,168,60,114,492}",6,54
1,"{493,385,115,7,277,223,61,169,439,331}",7,54
1,"{386,62,8,170,440,278,224,332,494,116}",8,54
1,"{441,9,495,333,225,63,387,117,171,279}",9,54
1,"{442,388,172,118,496,226,10,334,64,280}",10,54
1,"{335,227,389,119,281,443,11,65,497,173}",11,54
1,"{120,12,444,66,498,390,336,174,282,228}",12,54
1,"{391,499,121,337,13,445,283,229,175,67}",13,54
1,"{500,14,68,284,446,176,338,230,122,392}",14,54
1,"{123,15,501,231,285,69,339,393,177,447}",15,54
1,"{124,286,232,340,394,16,70,178,448,502}",16,54
1,"{449,395,341,233,71,503,17,287,179,125}",17,54
1,"{180,288,396,342,72,126,504,234,18,450}",18,54
1,"{289,343,397,73,181,505,451,19,235,127}",19,54
1,"{20,506,344,236,398,182,74,452,290,128}",20,54
1,"{345,75,291,507,453,183,399,21,129,237}",21,54
1,"{292,508,238,184,454,22,76,400,346,130}",22,54
1,"{401,77,23,293,347,455,131,185,239,509}",23,54
1,"{240,24,78,132,186,510,294,348,402,456}",24,54
1,"{457,241,25,349,295,133,79,511,403,187}",25,54
1,"{80,242,26,188,296,134,350,404,512,458}",26,54
1,"{459,405,297,351,513,81,243,135,27,189}",27,54
1,"{514,352,244,460,28,82,298,136,406,190}",28,54
1,"{83,353,461,191,245,407,29,137,515,299}",29,54
1,"{138,408,462,354,300,192,246,516,30,84}",30,54
1,"{247,463,517,31,301,409,193,85,139,355}",31,54
1,"{140,302,32,194,248,518,464,356,86,410}",32,54
1,"{87,249,141,411,519,303,195,33,465,357}",33,54
1,"{412,34,250,520,304,196,88,142,358,466}",34,54
1,"{251,143,197,413,467,305,521,359,35,89}",35,54
1,"{306,252,198,522,144,360,90,414,36,468}",36,54
1,"{523,469,361,307,199,415,91,37,145,253}",37,54
1,"{308,200,416,254,38,524,92,470,146,362}",38,54
1,"{93,147,255,525,201,363,417,309,39,471}",39,54
1,"{40,526,94,256,148,472,418,364,310,202}",40,54
1,"{149,473,95,527,419,203,311,41,257,365}",41,54
1,"{528,312,258,42,474,150,96,204,366,420}",42,54
1,"{529,421,43,205,367,151,259,475,313,97}",43,54
1,"{314,98,152,422,530,44,476,206,260,368}",44,54
1,"{153,45,423,477,261,369,315,207,531,99}",45,54
1,"{532,478,100,46,208,424,370,262,316,154}",46,54
1,"{47,425,479,371,209,263,317,155,101,533}",47,54
1,"{264,48,102,156,210,318,372,426,480,534}",48,54
1,"{211,481,265,535,427,103,49,373,157,319}",49,54
1,"{212,158,266,374,536,320,482,428,104,50}",50,54
1,"{321,429,375,267,213,159,105,51,537,483}",51,54
1,"{268,52,538,322,430,160,106,214,484,376}",52,54
1,"{161,107,323,53,377,431,539,485,215,269}",53,54
2,"{54,216,378,648,486,702,270,432,540,162,324}",0,54
2,"{379,1,487,703,433,163,109,649,271}",1,54
2,"{650,272,704,2,110,56,218,164,434,326,488}",2,54
2,"{219,705,273,651,381,489,57,111}",3,54
2,"{382,274,112,706,490,220,652,166,58,328}",4,54
2,"{5,113,653,167,437,707,59,221,329,383,491}",5,54
2,"{708,438,222,384,168,6,654,330,114,276,60}",6,54
2,"{709,7,115,331,169,385,655,223,277,61,493,439}",7,54
2,"{656,224,386,8,278,62,116,332,170,710,440}",8,54
2,"{117,225,711,9,657,333,279,63,495,387}",9,54
2,"{658,64,226,172,10,388,280,496,712}",10,54
2,"{713,389,659,281,173,227,443,119,11,65}",11,54
2,"{228,660,12,282,714,66,390,174,336}",12,54
2,"{175,445,13,229,121,67,715,391,283,337,661}",13,54
2,"{230,14,284,176,716,338,446,500,662,392}",14,54
2,"{393,663,501,231,15,717}",15,54
2,"{124,718,448,340,664}",16,54
2,"{287,503,341,233,719,179,125,17,665,449}",17,54
2,"{180,720,72,18,504,666,234,126,450,396}",18,54
2,"{505,127,451,289,667,235,721,181,73}",19,54
2,"{182,722,398,236,668,452,344,506,128,290,20}",20,54
2,"{75,345,723,615,21,291,669,399,129,183,237,453}",21,54
2,"{616,400,724,454,130,292,22,670}",22,54
2,"{185,509,671,77,293,23,401,617,347,725,239}",23,54
2,"{348,402,726,618,132,456,672,294,240,78,24}",24,54
2,"{79,619,511,295,25,241,349,673,133,727,403,457}",25,54
2,"{296,458,620,404,26,674,80,350,728}",26,54
2,"{729,351,405,513,27,621,135,297,675}",27,54
2,"{676,460,406,298,136,730,244,622}",28,54
2,"{137,515,677,83,353,299,407,245,731,623,461}",29,54
2,"{408,30,678,516,84,354,624,138,192,462}",30,54
2,"{301,139,517,463,625,31,247,409,355,193,679,85}",31,54
2,"{464,140,86,410,356,194,302,626,680,32}",32,54
2,"{411,249,627,681,519,87,195,357,141,303}",33,54
2,"{88,34,520,412,628,304,142,682,196,358,466}",34,54
2,"{413,629,251,305,359,197,89,683,35}",35,54
2,"{414,198,306,144,630,468,684,90,36,252,522}",36,54
2,"{37,253,91,415,469,685,145,631,523,307}",37,54
2,"{92,146,416,362,254,200,308,38,686,524,632,470}",38,54
2,"{363,417,309,147,255,471,687,633,39,525}",39,54
2,"{256,688,418,472,634,202,148,94,364}",40,54
2,"{635,365,419,527,473,311,689,95,257,41}",41,54
2,"{528,150,636,420,366,42,690,204,474,96}",42,54
2,"{421,691,313,637,259,43,529,367}",43,54
2,"{98,260,692,44,422,368,152,638,206,476}",44,54
2,"{423,369,99,639,261,45,693,477,207}",45,54
2,"{532,694,208,370,46,424,640,478}",46,54
2,"{101,209,317,479,695,263,641,533,371,47}",47,54
2,"{318,426,156,210,534,264,48,642,372,102,696,480}",48,54
2,"{643,103,49,697,319,481,535,211,427,157,373}",49,54
2,"{428,698,320,212,158,644,266,536,374,482,50}",50,54
2,"{213,267,483,645,321,51,429,537,375,159,105,699}",51,54
2,"{52,430,484,376,646,322,160,106,700,214,268}",52,54
2,"{701,647,53,377,485,269,539,107,215}",53,54
3,"{540,756,432,54,378,486,216,702,324,162}",0,54
3,"{1,757,649,703,271,109,379}",1,54
3,"{488,758,650,434,56,218,272,110,164,2,326}",2,54
3,"{759,273,651,489,219,111,57,705}",3,54
3,"{382,490,274,112,328,58,760,652,220}",4,54
3,"{221,761,167,707,491,329,113,5,437,59,383,653}",5,54
3,"{438,6,330,384,276,654,60,168,762,114,708}",6,54
3,"{169,277,115,493,7,385,763,331,709,61,655}",7,54
3,"{278,764,440,386,170,62,224,656,710,8,116,332}",8,54
3,"{765,333,657,279,117,495,63,9,387,225}",9,54
3,"{496,766,388,64,172,10,226,658,280}",10,54
3,"{173,713,65,767,119,11,281,227,389,659,443}",11,54
3,"{12,66,660,282,174,768,336,714,228}",12,54
3,"{283,769,445,391,229,13,715,67,121,175,661,337}",13,54
3,"{500,230,662,392,176,338,770,14,284}",14,54
3,"{663,501,231,717,393,771,15}",15,54
3,"{718,340,124,772,448}",16,54
3,"{341,449,125,719,503,287,233,179,665,773}",17,54
3,"{234,18,180,774,504,126,396,450,666,72}",18,54
3,"{73,235,289,181,667,775,451}",19,54
3,"{668,506,236,290,722,776,452,344,398,128,182,20}",20,54
3,"{183,75,723,777,291,669,615,453,399,345,129,21}",21,54
3,"{616,130,724,400,778,22,454,292,670}",22,54
3,"{239,671,347,509,779,401,617,77,23,293}",23,54
3,"{618,348,456,24,240,402,726,132,294,78}",24,54
3,"{403,619,133,349,457,79,673,511,241,295,25,727}",25,54
3,"{620,404,350,26,296,458,80,512,674}",26,54
3,"{405,729,513,297,135,621,351,27,675}",27,54
3,"{298,406,730,244,136,676,460,622,82}",28,54
3,"{137,299,353,83,407,623,677,245,731,461,515}",29,54
3,"{462,624,30,192,138,84,354,516,678,732,408}",30,54
3,"{679,463,355,409,301,625,733,139,247,85,517,31,193}",31,54
3,"{518,680,86,356,194,626,734,140,32,464,410,302}",32,54
3,"{411,735,627,195,87,681,303,519,249}",33,54
3,"{736,412,34,466,142,682,196,520,304,358}",34,54
3,"{35,737,197,359,413,89,683,251,305,629}",35,54
3,"{36,414,630,738,306,252,522,144,468,684,90}",36,54
3,"{523,145,253,739,307,415,91,37,685,469}",37,54
3,"{362,254,632,308,740,200,92,416,686,524,470,146}",38,54
3,"{147,309,39,741,525,363,471,417,687,255}",39,54
3,"{364,472,94,742,418,148,202,688,256}",40,54
3,"{311,635,365,95,689,527,743,41,419,257}",41,54
3,"{96,528,150,42,366,204,690,420,744,474,636}",42,54
3,"{313,367,691,745,637,529,421}",43,54
3,"{44,152,746,260,692,206,422,368,476}",44,54
3,"{99,747,693,45,423,261,477,369,639,207}",45,54
3,"{370,424,694,208,46,478,532,748}",46,54
3,"{641,101,209,263,533,749,317,479,47,371}",47,54
3,"{750,696,534,102,48,480,210,372,642,426,156,264}",48,54
3,"{49,211,697,103,751,157,319,373,427,481,643,535}",49,54
3,"{266,374,482,50,698,752,536,158,320,212,428}",50,54
3,"{537,483,699,105,375,267,213,321,753,429,159}",51,54
3,"{754,214,430,106,646,160,322,52,268,484}",52,54
3,"{215,377,701,485,53,755,269,107,161}",53,54
4,"{324,216,432,756,486,54,162,810,540,702,378}",0,54
4,"{649,109,379,703,1,811,271}",1,54
4,"{218,326,272,488,2,650,758,164,56,110}",2,54
4,"{57,489,273,705,111,759,651,219}",3,54
4,"{328,112,58,220,382,652,760,274}",4,54
4,"{653,5,221,437,113,761,491,167,59,707,383,329}",5,54
4,"{762,6,438,60,654,114,330,276,708,384}",6,54
4,"{61,655,493,709,763,7,331,385,277,169}",7,54
4,"{440,656,386,224,764,170,710,62,332,116,278,8}",8,54
4,"{387,333,765,657,279,117,63,495,9,225}",9,54
4,"{172,226,388,766,10,280,496,64}",10,54
4,"{713,11,65,227,281,173,119,389,443}",11,54
4,"{714,174,282,12,660,336,228,66}",12,54
4,"{175,229,445,337,661,715,769,13,67,283,391}",13,54
4,"{284,176,770,338,392,662,230,500,14}",14,54
4,"{231,501,717,771,15,393,663}",15,54
4,"{124,718,448,340,772}",16,54
4,"{341,233,125,287,773,665,503,719,179}",17,54
4,"{666,72,396,234,450,126,180,18,504}",18,54
4,"{289,451,235,73,181,667}",19,54
4,"{344,398,290,668,452,182,722,128,506,776,20,236}",20,54
4,"{183,399,129,345,723,453,615,291,21}",21,54
4,"{454,400,130,292,616,778,22,724,670}",22,54
4,"{509,401,779,23,617,77,239,347,671,293}",23,54
4,"{618,78,132,456,402,780,24,348,294,726,240}",24,54
4,"{133,241,349,727,403,25,295,619,457,511,781,79,673}",25,54
4,"{350,512,674,782,134,26,80,458,620,404,296}",26,54
4,"{351,621,27,513,675,405,783,135,297,729}",27,54
4,"{730,244,406,622,136,784,82,460,676,298}",28,54
4,"{461,731,353,515,623,407,785,83,137,299,677,245}",29,54
4,"{624,192,678,462,408,354,786,516,30,84,138}",30,54
4,"{31,517,409,787,355,733,625,193,139,247,85,301,679,463}",31,54
4,"{86,410,626,680,32,464,302,140,518,734,788,356,194}",32,54
4,"{195,87,411,249,627,789,681,519,303}",33,54
4,"{790,736,34,358,520,142,682,196,304,412}",34,54
4,"{89,413,251,305,359,35,629,791,197,683,737}",35,54
4,"{36,792,90,738,144,414,306,684,252,630,522,468}",36,54
4,"{307,523,145,91,793,469,739,253,37,415}",37,54
4,"{686,200,308,632,254,92,146,524,416,470,794,740,362}",38,54
4,"{39,687,309,795,741,417,255,363,147}",39,54
4,"{796,202,418,472,742,256,148,364,94,688}",40,54
4,"{95,257,635,365,689,797,527,41,743,311,419}",41,54
4,"{528,366,204,690,42,420,150,744,636,474,96,798}",42,54
4,"{745,367,799,637,529,691,313,421}",43,54
4,"{746,44,260,368,692,152,800,476,206}",44,54
4,"{45,207,639,747,369,801,261,99,423}",45,54
4,"{802,478,424,370,46,208,748,694,532}",46,54
4,"{533,749,101,371,641,803,47,317,479,209,263}",47,54
4,"{696,210,156,102,264,372,534,750,804,426,48}",48,54
4,"{319,211,49,805,643,157,103,373,535,481,751}",49,54
4,"{374,212,266,50,698,752,158,320,428,482,806,536}",50,54
4,"{753,159,483,807,699,105,267,213,321,375,429}",51,54
4,"{52,646,214,160,808,106,430,322,754,268}",52,54
4,"{269,107,701,215,485,809,53,755}",53,54
5,"{54,432,756,216,540,810,324,702,486,378,162}",0,54
5,"{109,379,703,649,271,1}",1,54
5,"{650,164,326,2,812,56,758,272,110,488}",2,54
5,"{489,111,651,219,813,273,57,759}",3,54
5,"{112,58,760,814,220,382}",4,54
5,"{761,221,815,113,59,329,491,167,5,437,383,707,653}",5,54
5,"{654,384,816,330,438,276,762,60,114,6}",6,54
5,"{7,61,331,763,817,493,169,709,277,385,655}",7,54
5,"{332,656,170,386,62,116,224,440,764,818,278,710,8}",8,54
5,"{63,279,657,117,333,9,819,387,765,495,225}",9,54
5,"{496,820,64,280,388,10,226}",10,54
5,"{389,713,227,11,443,119,65,173,821,281}",11,54
5,"{336,822,12,174,660,228,714,282,66}",12,54
5,"{445,229,769,823,337,175,715,661,391,13,67,283}",13,54
5,"{284,14,770,176,338,392,824,662,230}",14,54
5,"{501,393,771,231,825,15,717}",15,54
5,"{448,124,772,718,826}",16,54
5,"{287,125,179,503,773,233,827,719,341,665}",17,54
5,"{234,828,666,180,18,450,126,72,504,396}",18,54
5,"{667,235,289,451,181,73,829}",19,54
5,"{506,344,128,20,722,776,830,182,452,290,668,398}",20,54
5,"{615,453,831,129,21,723,399,183,345,291}",21,54
5,"{22,130,832,454,292,670,400,724}",22,54
5,"{509,293,401,23,833,239,779,347,671}",23,54
5,"{726,780,240,456,132,402,348,834,24,294,78}",24,54
5,"{79,511,133,835,295,349,727,25,241,403,457,781,673}",25,54
5,"{80,26,350,404,296,512,134,674,458,242,836,782}",26,54
5,"{351,135,405,729,675,27,783,297,837,513}",27,54
5,"{460,136,244,406,838,676,622,784,82}",28,54
5,"{839,245,731,785,83,137,677,299,353,407,461,515}",29,54
5,"{354,462,786,408,840,30,192,138,84,516}",30,54
5,"{139,409,301,85,787,733,841,679,463,247,355,193,31,517}",31,54
5,"{734,464,302,356,140,194,842,32,680,626,518,86,410}",32,54
5,"{681,195,249,87,303,411,519,843,789}",33,54
5,"{196,520,844,34,412,142,790,358,736,682,304}",34,54
5,"{683,89,737,413,35,629,791,845,197,251,359}",35,54
5,"{144,414,846,90,468,792,252,684,630,36,306,738}",36,54
5,"{847,37,145,415,253,469,523,91,793,307,739}",37,54
5,"{92,740,308,200,362,146,794,848,524,416,470,632}",38,54
5,"{147,39,309,741,687,255,795,849,417,525,363}",39,54
5,"{472,742,256,148,688,202,364,796,418,850}",40,54
5,"{311,797,257,95,743,41,419,635,689,851,365}",41,54
5,"{474,528,420,852,96,636,204,366,798,42}",42,54
5,"{313,691,799,421,529,853,367,745}",43,54
5,"{152,206,476,800,44,746,692,854,368,260}",44,54
5,"{639,423,261,45,801,747,369,99,207}",45,54
5,"{208,802,424,478,748,370,694,46,532}",46,54
5,"{641,749,317,47,263,371,533,803,479,101}",47,54
5,"{534,804,750,102,156,264,426,696,48,372}",48,54
5,"{49,211,319,157,373,751,643,805,481,103}",49,54
5,"{806,212,50,482,536,320,158,428,374,698,752,266}",50,54
5,"{753,699,105,537,375,429,267,213,807,321,159,483}",51,54
5,"{268,322,160,106,52,214,430}",52,54
5,"{269,53,755,809,215,485,701,107}",53,54
6,"{378,324,702,810,216,162,54,540,486,432}",0,54
6,"{1,703,649,109,379,271}",1,54
6,"{650,326,164,56,272,2,866,110,758,488,812}",2,54
6,"{57,867,273,489,759,111,813,219,651}",3,54
6,"{814,58,220,112,382}",4,54
6,"{491,113,653,383,167,815,761,437,329,221,59,707,5}",5,54
6,"{816,60,330,276,762,654,6,384,438,114}",6,54
6,"{709,7,493,763,385,655,817,169,61,277,331}",7,54
6,"{278,386,224,170,8,818,62,710,656,332,440}",8,54
6,"{819,333,873,765,279,225,9,63,657,495,387}",9,54
6,"{226,874,496,10,388,820,280,64}",10,54
6,"{65,227,875,389,443,821,713,11,119,173,281}",11,54
6,"{660,120,282,336,66,12,822,714,174,228}",12,54
6,"{769,175,445,283,823,661,229,715,391,337,67,13}",13,54
6,"{338,14,392,176,662,284,770,230}",14,54
6,"{231,717,501,771,15,825,393}",15,54
6,"{124,718,448,826,772}",16,54
6,"{287,233,341,503,719,665,125,773,179,827}",17,54
6,"{180,504,450,234,666,828,18,72,126,396}",18,54
6,"{73,289,829,451,667,181}",19,54
6,"{128,290,452,722,830,668,20,506,344,398,182,776}",20,54
6,"{453,831,183,345,615,723,129,291,399,21}",21,54
6,"{724,22,130,400,832,670,292,454}",22,54
6,"{779,239,401,671,833,293,347,509,23}",23,54
6,"{456,78,132,240,780,402,726,294,834,24,348}",24,54
6,"{403,349,457,673,25,133,781,511,295,835,727,79,241}",25,54
6,"{836,674,134,512,80,782,350,296,242,26,458,404}",26,54
6,"{351,783,405,513,675,135,297,27,729,837}",27,54
6,"{406,82,784,838,622,136,460,244,676}",28,54
6,"{731,299,137,785,677,353,515,461,407,245,83}",29,54
6,"{516,138,462,84,786,192,408,30,840,354}",30,54
6,"{247,139,733,787,679,409,85,517,355,31,193,463,841,301}",31,54
6,"{86,626,734,140,32,842,410,680,356,464,302,518,194}",32,54
6,"{681,519,303,789,87,843,249,411,195}",33,54
6,"{304,34,790,844,142,358,196,412,520,736,682}",34,54
6,"{845,89,413,35,197,791,359,683,251,629}",35,54
6,"{684,144,252,36,306,792,468,846,90,738,630,414}",36,54
6,"{91,739,415,145,847,307,469,793,523,253}",37,54
6,"{632,848,200,740,470,308,524,146,92,794,362,416}",38,54
6,"{363,417,795,255,39,741,687,147,309,525,849}",39,54
6,"{418,472,202,796,850,148,364,688,256,742}",40,54
6,"{365,743,851,797,257,419,95,41,635,689,311}",41,54
6,"{42,636,528,798,474,204,96,852,366,420}",42,54
6,"{853,367,529,691,421,745,799,313}",43,54
6,"{800,746,854,152,368,44,260,476,692,206}",44,54
6,"{639,801,45,261,747,423,369,207,99}",45,54
6,"{694,370,424,802,478,532,208,748,46}",46,54
6,"{479,371,749,263,641,101,803,533,47,317}",47,54
6,"{264,696,858,534,750,372,102,426,804,48,156}",48,54
6,"{103,319,643,481,751,211,373,859,157,49,805}",49,54
6,"{266,50,158,482,806,536,212,698,320,374,428,752}",50,54
6,"{213,753,429,267,483,699,105,537,807,321,375,159}",51,54
6,"{160,106,214,268,52,322,430,862}",52,54
6,"{485,53,269,107,215,755,809,701,863}",53,54
7,"{864,432,486,540,702,162,54,810,324,378,216}",0,54
7,"{271,865,703,379,649,109,1}",1,54
7,"{758,164,866,110,326,272,650,2,56,488}",2,54
7,"{273,759,813,57,651,867,489,219,111}",3,54
7,"{220,814,868,112,58,382}",4,54
7,"{5,329,59,221,707,113,491,437,761,653,869,815,167,383}",5,54
7,"{60,870,762,384,816,276,438,6,654,330,114}",6,54
7,"{7,331,709,655,61,817,169,277,385,763,871,493}",7,54
7,"{710,170,8,332,872,386,278,62,440,656,818,224}",8,54
7,"{819,765,873,9,495,387,657,225,279,63,333}",9,54
7,"{64,496,10,226,388,280,820,874}",10,54
7,"{389,11,119,281,443,173,65,227,875,713}",11,54
7,"{66,282,336,660,876,12,228,714,120,174,822}",12,54
7,"{823,445,67,13,769,283,877,391,715,175,337,661}",13,54
7,"{14,878,230,662,392,338,176,770}",14,54
7,"{771,15,825,231,879,501,393,717}",15,54
7,"{718,448,772,124,880,826}",16,54
7,"{233,179,125,773,881,827,341,287,719,665,503}",17,54
7,"{396,666,180,18,234,72,450,882,504,828,126}",18,54
7,"{883,181,73,289,451,667,829}",19,54
7,"{722,506,452,776,884,290,128,20,830,398,668,182}",20,54
7,"{399,453,21,831,345,291,885,129,183,723,615}",21,54
7,"{22,292,724,130,454,886,670,400,832}",22,54
7,"{23,671,347,401,509,887,293,239}",23,54
7,"{402,78,24,834,456,294,132,348,240,780,726}",24,54
7,"{511,403,673,835,241,133,295,781,457,25,79,349}",25,54
7,"{404,350,458,512,80,242,296,674,26,782,134,836}",26,54
7,"{675,405,135,513,729,351,837,297,27,783}",27,54
7,"{406,838,622,676,784,244,136,460,82}",28,54
7,"{299,677,515,245,137,731,407,461,83,353}",29,54
7,"{462,786,840,30,138,84,192,516,354,408}",30,54
7,"{301,679,841,247,463,409,139,31,517,85,193,355,787,733}",31,54
7,"{194,302,410,518,842,86,626,140,734,464,356,32,680}",32,54
7,"{681,195,789,303,87,519,843,249,411}",33,54
7,"{520,412,736,358,844,34,304,790,142,196,682}",34,54
7,"{359,683,413,251,197,845,35}",35,54
7,"{738,36,414,90,684,792,846,468,630,252,306,144}",36,54
7,"{847,739,793,91,523,307,253,415,469,145}",37,54
7,"{632,524,92,362,794,200,146,416,848,470,308}",38,54
7,"{687,525,363,255,39,795,741,309,417,849,147}",39,54
7,"{796,202,850,148,742,418,688,472,256,364}",40,54
7,"{311,797,743,365,95,257,689,41,635,851,419}",41,54
7,"{474,42,366,852,96,528,420,636}",42,54
7,"{529,853,745,313,421,691,367}",43,54
7,"{854,260,44,206,746,692,152,368,476}",44,54
7,"{45,747,261,369,99,423,207,639,855}",45,54
7,"{370,856,424,532,748,478,208,694,46}",46,54
7,"{857,371,263,317,101,749,479,533,641,47}",47,54
7,"{102,372,858,156,534,426,696,48,264}",48,54
7,"{211,481,643,157,319,49,373,859,103,751}",49,54
7,"{266,752,428,482,536,698,50,374,212,860,158,320}",50,54
7,"{753,267,429,861,159,213,321,105,537,483,375,699}",51,54
7,"{160,106,430,214,52,862,322,268}",52,54
7,"{53,485,215,269,107,863,701,755,809}",53,54
8,"{432,162,324,756,216,54,918,270,972,540,486,864}",0,54
8,"{489,651,219,273,57,111,759,327}",3,54
8,"{56,488,2,920,272,110,758,164,326,650}",2,54
8,"{167,815,329,653,59,437,5,221,869,707,923,383,113}",5,54
8,"{1087,277,763,61,871,655,331,385,1033,493,169,7,709}",7,54
8,"{226,64,388,874,496,820,10,280}",10,54
8,"{660,336,66,1038,714,12,282,174,120,822}",12,54
8,"{717,825,393,501,231,15,879}",15,54
8,"{991,181,289,451,235,883,73,667,829}",19,54
8,"{670,886,454,724,22,400,616,832,1048,292}",22,54
8,"{358,736,790,952,34,1006,142,412,304,520}",34,54
8,"{35,359,197,953,1061,683,413,1007}",35,54
8,"{741,39,687,147,363,795,255,309}",39,54
8,"{689,365,41,959,797,311,95,257,635,419,851,743}",41,54
8,"{962,746,260,44,206,692,368,908,476,152}",44,54
8,"{423,1017,369,99,909,639,45,207,747}",45,54
8,"{534,264,156,426,318,48,102,372}",48,54
8,"{698,428,266,50,482,860,374,320,158,536}",50,54
8,"{917,215,269,53,107,755,485,809}",53,54
9,"{705,381,435,921,165,3,813}",3,54
9,"{127,775,343,19,397,505,721}",19,54
9,"{778,346,130,238,508,76,184}",22,54
9,"{491,275,761,977}",5,54
8,"{148,472,418,688,850,40,796,742,364,202,256,1228}",40,54
9,"{228,930,498,768,444,390,1146}",12,54
9,"{222,924,816,708,492,168,870,114}",6,54
8,"{370,208,910,424,532,478,46,1072,1288}",46,54
8,"{483,645,969,429,321,699,537,213,753,159,915,375,861,105,267,1023,1239}",51,54
9,"{757,487,811,217,325,1,55,163,433}",1,54
8,"{82,514,622,136,784,244,460,406,1162}",28,54
8,"{421,367,691,313,907,529,853,1231,1285}",43,54
8,"{52,862,160,268,430,322,214}",52,54
8,"{445,13,337,715,391,877,67,283,229,1039}",13,54
8,"{134,944,458,242,296,80,26,620,404,836,350,1214}",26,54
9,"{166,328,4,706,652,436,490,976,274,1246}",4,54
8,"{859,319,157,697,49,481,373,751,1237}",49,54
8,"{133,295,241,403,25,349,1051,619,511,673,457,79}",25,54
8,"{631,91,793,739,307,415,253,469,1225}",37,54
8,"{681,249,627,1005,789,411}",33,54
8,"{83,515,623,731,461,677,947,353,407}",29,54
8,"{440,8,656,224,818,386,62,1034,332,278,170,1088}",8,54
9,"{894,840,246,732,300,948,678,1218}",30,54
9,"{494,116,710,764,872}",8,54
8,"{882,828,342,234,72,396,126,666,990,450,180,18,1044}",18,54
9,"{16,718,394,286,178,502,664,340,232,826}",16,54
9,"{288,774,504,720}",18,54
8,"{880,448,772,934,124}",16,54
8,"{306,90,468,144,36,684,414,738,252,792,1224}",36,54
9,"{245,29,191,785,299,893,1163,137}",29,54
8,"{32,680,86,410,356,194,302,518,950,464}",32,54
9,"{817,223,439,115,1303}",7,54
8,"{30,408,138,84,462,786,624,516,354,1056,192}",30,54
9,"{449,17,935,773,395,71,827}",17,54
8,"{884,290,452,182,506,1046,20,776,128,938,1100}",20,54
8,"{341,665,881,233,125,287,179,719,503}",17,54
9,"{455,833,185,131,77,779,1211,671}",23,54
9,"{237,669,777,831,21,507,183}",21,54
8,"{75,723,885,399,129,453,345,291,615,1047}",21,54
9,"{446,716,824,500,68,122,932}",14,54
8,"{636,42,474,906,366,852,528,420,96,1284}",42,54
9,"{679,895,301,841,193}",31,54
8,"{139,355,409,625,733,85,787,463,247,517,31}",31,54
9,"{81,459,243,891,189}",27,54
8,"{119,983,65,11,227,173,713,929,443,281,875,1253}",11,54
8,"{783,675,351,837,135,513,999,621,297,729,405,27}",27,54
9,"{838,676,730,352,28,190,892,946,298}",28,54
9,"{672,186,510,996,1212}",24,54
8,"{23,293,239,617,941,725,347,509,401}",23,54
8,"{279,765,387,225,819,333,9,1035,495}",9,54
9,"{835,781,187}",25,54
9,"{442,172,766,658,712,118,334,1252}",10,54
9,"{74,344,398,236,722}",20,54
9,"{659,497,389,767,335,1091}",11,54
8,"{348,24,834,456,618,78,132,240,294,780,942,402,726}",24,54
9,"{704,866,218,812,380,434}",2,54
8,"{146,308,632,794,200,416,92,470,362,1280}",38,54
9,"{177,771,123,339,285,69,447,663,1149,1041}",15,54
9,"{108,810,648,702,1134}",0,54
9,"{143,89,845,791,521,467,899,629,305,737}",35,54
9,"{800,530,98,314,422,638,854}",44,54
9,"{531,261,315,855,153,693,963,477,801}",45,54
9,"{642,912,210,750,696,966,804,480}",48,54
9,"{711,927,441,171,873,1143,63,117,657,981}",9,54
9,"{431,539,161,323,647,701}",53,54
10,"{702,810,324,54,216,540,918,432,378,486,162,864}",0,54
10,"{649,919,379,271,109,865,703,1}",1,54
10,"{164,920,758,56,272,488,650,2,326,110,866}",2,54
10,"{867,489,111,759,813,219,651,921,57,273}",3,54
10,"{922,220,58,868,112,814,382}",4,54
10,"{491,653,329,869,707,113,437,383,221,59,815,167,761,5,923}",5,54
10,"{708,114,816,924,762,330,6,438,276,60,654,870,384}",6,54
10,"{817,493,61,655,385,925,169,331,277,709,871,763,7}",7,54
10,"{62,8,926,710,872,278,818,332,440,224,386,170,656}",8,54
10,"{495,279,9,225,819,873,657,765,63,333,387}",9,54
10,"{496,64,10,874,388,226,280,820}",10,54
10,"{443,11,119,389,65,875,713,281,227,173}",11,54
10,"{66,174,876,336,822,120,12,714,282,660}",12,54
10,"{823,337,229,445,175,67,877,283,13,715,661,769,391}",13,54
10,"{392,662,770,14,338,230,878}",14,54
10,"{879,231,393,771,825,15,501,717}",15,54
10,"{124,448,880,772,826}",16,54
10,"{719,287,341,503,665,125,233,881,179,827}",17,54
10,"{72,234,882,180,18,828,504,126,396,450,666}",18,54
10,"{73,451,883,667,289,829,181}",19,54
10,"{128,506,776,722,290,452,398,20,884,830,182,668}",20,54
10,"{453,21,399,345,183,723,885,291,129,615}",21,54
10,"{292,670,832,724,454,22,130,400,886}",22,54
10,"{293,671,509,239,401,887,347,23}",23,54
10,"{78,294,24,726,780,240,132,834,348,456,402}",24,54
10,"{241,79,25,133,511,403,295,457,673,349}",25,54
10,"{836,404,26,350,512,296,242,80,458,134}",26,54
10,"{135,297,405,837,729,351,513,27,783,675}",27,54
10,"{406,838,676,244,460,82,784,136,622}",28,54
10,"{353,83,299,407,677,245,461,515,137}",29,54
10,"{840,354,516,138,30,84,408,786,192,462}",30,54
10,"{301,355,517,247,31,841,409,139,679,787,85,463,733}",31,54
10,"{140,626,410,194,356,464,680,518,86,842,32,302}",32,54
10,"{681,843,195,303,789,411,87,249,519}",33,54
10,"{520,304,844,358,34,412,736,142,790}",34,54
10,"{413,845,359,683,35,251,197}",35,54
10,"{90,36,252,738,792,684,414,468,144,306,846}",36,54
10,"{523,847,307,469,739,253,793,91,415}",37,54
10,"{146,416,200,848,470,92,632,308,794}",38,54
10,"{741,255,525,39,795,687,417,849,147,363,309}",39,54
10,"{850,148,742,364,256,688,472,202,796,418}",40,54
10,"{851,743,635,797,689,41,365,95,311,419,257}",41,54
10,"{42,906,420,366,636,474,852,528,96}",42,54
10,"{691,367,529,313,853,907,421,745}",43,54
10,"{692,368,152,44,854,206,908,476,260,746}",44,54
10,"{207,369,423,261,45,909,747,855,639,99}",45,54
10,"{478,424,208,370,694,532,748,910,46}",46,54
10,"{911,47,317,263,749,371,533,101,479,857,641}",47,54
10,"{534,696,912,372,264,426,48,858,156,102}",48,54
10,"{211,481,859,913,49,751,319,373,103,157}",49,54
10,"{374,482,860,320,266,158,698,536,50,428,212}",50,54
10,"{753,321,267,915,699,375,105,159,537,483,861,429,213}",51,54
10,"{916,160,862,214,430,268,322,52}",52,54
10,"{215,809,53,107,917,269,863,755,701,485}",53,54
11,"{702,864,162,324,432,216,918,378,54,810,486,540}",0,54
11,"{271,919,109,865,703,1,649,379}",1,54
11,"{272,326,920,650,488,758,110,56,164,2}",2,54
9,"{198,522,900,630,360,1170,954,846}",36,54
9,"{913,535,265,805,103,643,427,211,967}",49,54
9,"{51,807}",51,54
9,"{843,735,141,357,519,87,33,897,465,195,1059,303}",33,54
9,"{155,803,425,695,209,857}",47,54
9,"{806,644,212,752,104,1238}",50,54
9,"{682,844,898,88,196,466,250,628,1276}",34,54
9,"{526,634,310,94,904}",40,54
9,"{686,902,254,848,38,740,524,1010,1226}",38,54
9,"{896,788,842,248,626,734,140,1058,1220}",32,54
9,"{798,204,258,150,744,690,312,1068}",42,54
9,"{149,851,203,527,473,1013,1229}",41,54
9,"{525,903,417,93,201,849,471,1227,633}",39,54
11,"{111,489,867,57,273,651,759,813,219}",3,54
11,"{922,814,220,112,382,58}",4,54
11,"{761,815,113,59,491,383,923,5,869,707,329,437,653,221,167}",5,54
11,"{924,816,438,870,654,330,114,276,384,708,6,60,762}",6,54
11,"{871,385,925,709,655,169,7,763,61,493,331,277}",7,54
11,"{710,386,332,818,926,116,440,224,278,872,170,62,656,8}",8,54
11,"{279,9,765,927,657,333,225,873,387,117,495,63}",9,54
11,"{64,820,388,928,280,496,10,874,226}",10,54
11,"{281,443,929,227,389,875,173,11,713,821,119,65}",11,54
11,"{714,336,876,930,12,660,66,822,174,282}",12,54
11,"{823,445,283,769,715,391,175,337,931,877,13,661,67,229}",13,54
11,"{770,338,662,14,932,878,230,392}",14,54
11,"{879,501,717,771,15,933,231,393}",15,54
11,"{880,772,124,448,934,826}",16,54
11,"{665,827,719,503,935,125,233,881,179,341,287}",17,54
11,"{396,126,180,72,504,234,936,666,828,18,450,882}",18,54
11,"{289,181,451,937,829,667,883,73}",19,54
11,"{182,830,722,938,290,128,20,668,506,884,776,452}",20,54
11,"{399,453,183,615,723,345,129,291,939,21,885}",21,54
11,"{22,940,886,670,292,454,400,724}",22,54
11,"{887,347,293,23,509,239,941,401,671}",23,54
11,"{78,834,348,942,402,456,294,240,726,24,780,132}",24,54
11,"{943,25,349,673,79,457,241,511,295,403,133}",25,54
11,"{296,350,134,26,242,404,458,512,944,80}",26,54
11,"{27,945,675,405,837,513,297,729,783,351,135}",27,54
11,"{838,244,406,622,946,136,460,784,82,676}",28,54
11,"{677,83,299,137,947,353,515,407,245,461}",29,54
11,"{354,840,84,948,138,192,30,408,462,516,786}",30,54
11,"{409,139,463,841,85,247,787,733,301,517,31,949,355}",31,54
11,"{950,410,842,140,464,194,680,86,518,626,302,32,356}",32,54
11,"{411,195,249,843,519,789,303,681}",33,54
11,"{520,304,142,412,34,358,790,736,844}",34,54
11,"{413,683,845,251,359,197,35}",35,54
11,"{792,36,306,684,468,414,846,252,90,144}",36,54
11,"{847,415,91,739,469,253,307}",37,54
11,"{794,308,146,470,92,848,200,362,632,416}",38,54
11,"{741,39,255,147,525,363,309,417,687}",39,54
11,"{742,688,256,148,418,364,850,796,472,202}",40,54
11,"{635,257,311,95,689,419,851,41,743,365,797}",41,54
11,"{528,906,420,42,96,366,852,474}",42,54
11,"{313,421,907,853,529,691,367}",43,54
11,"{476,692,260,206,44,368,746,152,908}",44,54
11,"{369,639,909,99,855,423,45,747,207}",45,54
11,"{424,478,532,910,370,46,208,694}",46,54
11,"{857,911,263,479,317,47,371,641,749,101,533}",47,54
11,"{102,426,534,372,156,858,48,264}",48,54
11,"{49,481,859,211,157,319,751,103,373}",49,54
11,"{428,536,50,482,374,320,212,698,158,266}",50,54
11,"{213,915,861,159,267,429,375,105,699,483,321,753,537}",51,54
11,"{52,430,862,214,322,268,160,916}",52,54
11,"{701,485,755,809,53,107,269,917,215}",53,54
12,"{324,270,54,216,540,918,378,162,432,864,486,972,702}",0,54
12,"{865,703,1,379,973,919,109,271}",1,54
12,"{974,56,488,758,164,110,272,326,650,920}",2,54
12,"{489,111,219,975,57,273,867,759}",3,54
12,"{976,220,112,382,814,58,760}",4,54
12,"{59,977,167,491,383,869,437,707,761,329,923,5,221}",5,54
12,"{924,654,384,978,276,438,762,114,330,6,60}",6,54
12,"{385,61,493,169,763,277,7,709,331,871,925,655,979}",7,54
12,"{656,62,8,278,926,386,980,818,440,170,224}",8,54
12,"{873,9,63,495,765,279,225,387,981,333}",9,54
12,"{496,928,280,388,820,10,64,982,874,226}",10,54
12,"{227,875,173,11,713,983,119,443,65,821}",11,54
12,"{714,822,120,12,66,984,660,282,174,876,930,336}",12,54
12,"{661,715,823,229,175,445,769,67,283,877,931,13,985,391,337}",13,54
12,"{662,986,770,14,338,392,878,230,932}",14,54
12,"{15,879,231,933,717,501,393,987}",15,54
12,"{124,772,880,934,988,448}",16,54
12,"{287,989,827,503,881,341,719,179,125,665,233}",17,54
12,"{936,180,396,126,666,72,18,234,990,882,450}",18,54
12,"{829,181,937,451,883,667,991,73,289}",19,54
12,"{20,884,722,452,776,128,290,830,506,182}",20,54
12,"{183,723,885,345,615,129,291,399,453}",21,54
12,"{22,454,724,940,886,292,400,670}",22,54
12,"{887,671,941,23,509,401,239,293,347}",23,54
12,"{294,942,726,240,402,132,780,78,456,24,348}",24,54
12,"{241,457,133,511,25,403,349,295,673}",25,54
12,"{242,404,26,296,458,134,350,80,944,512}",26,54
12,"{297,783,27,729,405,189,351,837,513,135,675,945}",27,54
12,"{460,406,784,838,514,82,136,244,622}",28,54
12,"{947,515,353,245,677,137,299,83,407,461}",29,54
12,"{516,84,408,840,462,786,354,30,138}",30,54
12,"{949,409,841,517,463,301,139,31,85,787,247,355}",31,54
12,"{356,302,626,842,32,86,410,140,680,464,518,194}",32,54
12,"{519,951,195,411,843,789,249,303,681}",33,54
12,"{844,952,736,34,412,304,142,358}",34,54
12,"{953,251,683,845,413,197,359,35}",35,54
12,"{36,306,414,954,252,684,468,144,846,90}",36,54
12,"{253,631,415,307,739,469,847,91,955}",37,54
12,"{362,146,956,470,200,794,848,308,92,416}",38,54
12,"{525,741,417,957,147,39,309,363,255}",39,54
12,"{850,202,742,688,958,472,256,364,796,418}",40,54
12,"{635,365,743,851,257,95,959,41,311,797,419}",41,54
12,"{420,906,528,474,42,366,96,960,852}",42,54
12,"{529,313,367,421,691,853,961,907}",43,54
12,"{962,368,260,206,692,908,152,44,476,746}",44,54
12,"{747,207,963,639,315,909,45,423,855,369,99}",45,54
12,"{910,424,964,208,370,478,46,694}",46,54
12,"{101,317,47,749,965,371,857,911,479,533,263}",47,54
12,"{156,426,264,534,372,966,858,102,750,48,318}",48,54
12,"{103,373,481,643,751,319,859,49,967,157}",49,54
12,"{158,536,482,50,968,698,374,320,266,860,428}",50,54
12,"{969,645,915,321,429,159,213,483,753,699,375,267,105}",51,54
12,"{268,970,646,52,322,862,916,214,430,160}",52,54
12,"{53,917,269,971,485,755,863,215,107}",53,54
13,"{702,540,378,918,324,162,864,270,972,432,54,216,486}",0,54
13,"{919,379,1,703,271,865,109}",1,54
13,"{164,920,488,272,974,758,56,110,326,650}",2,54
13,"{111,489,867,759,219,57,273}",3,54
13,"{58,220,814,382,112,760}",4,54
13,"{977,59,923,437,707,329,869,5,221,167,383}",5,54
13,"{114,60,762,438,330,654,276,384,6}",6,54
13,"{979,7,169,385,493,331,655,61,277,925,763,709}",7,54
13,"{224,278,170,926,656,440,980,8,386,62}",8,54
13,"{279,333,495,225,9,765,981,387}",9,54
13,"{496,280,928,226,820,388,874,10,64}",10,54
13,"{119,11,443,227,875,821,65,713,983,173}",11,54
13,"{174,66,714,120,660,336,822,876,12,984,282}",12,54
13,"{661,769,877,985,445,175,229,715,283,13,67,391}",13,54
13,"{770,932,230,14,878,986,338,662}",14,54
13,"{987,879,717,933,231,393,15}",15,54
13,"{448,772,934,988,880,124}",16,54
13,"{287,233,179,881,989,341,719,665,125,503}",17,54
13,"{234,990,72,342,666,936,126,180,18,450,882,396}",18,54
13,"{667,883,289,937,73,991,829,451}",19,54
13,"{884,452,182,830,236,20,506,776,290,992,128}",20,54
13,"{453,993,345,885,291,723,399,129,183,615}",21,54
13,"{994,400,22,886,670,724,940,292,454}",22,54
13,"{347,671,239,293,995,23,887,509,725,401}",23,54
13,"{78,996,132,240,402,780,348,456,24,942,294,726}",24,54
13,"{241,133,511,349,295,403,997,673,25,457}",25,54
13,"{296,134,458,242,350,26,998,944,80,404}",26,54
13,"{675,297,999,351,837,405,135,189,945,783,27,729,513}",27,54
13,"{406,82,460,838,136,622,1000,514,244,784}",28,54
13,"{299,461,137,83,947,407,353,515,677,1001}",29,54
13,"{408,138,354,516,1002,30,840,786,462,84}",30,54
13,"{841,85,31,247,949,787,355,517,139,463,409,1003}",31,54
13,"{1004,680,194,464,302,32,86,356,518,842,140,950,410}",32,54
13,"{411,195,249,789,951,303,1005,681,843}",33,54
13,"{1006,952,304,844,736,142,520,412,358,34}",34,54
13,"{845,413,1007,251,683,359,197,953,35}",35,54
13,"{846,1008,36,144,684,90,306,252,414,468,792}",36,54
13,"{91,253,847,469,1009,739,415,631,307}",37,54
13,"{470,1010,362,92,308,416,848,956,146,200,794}",38,54
13,"{957,363,741,147,1011,39,255,309,525}",39,54
13,"{256,742,688,850,418,472,40,202,1012,364,796}",40,54
13,"{959,311,257,797,365,419,635,95,743,41,1013}",41,54
13,"{852,42,528,96,1014,420,960,906,366,474}",42,54
13,"{907,961,691,853,313,1015,421,367,529}",43,54
13,"{206,44,368,908,476,1016,152,260,692,962,746}",44,54
13,"{855,369,423,207,747,963,639,1017,45,909,99}",45,54
13,"{208,1018,370,964,478,910,46,424}",46,54
13,"{749,857,965,101,371,911,533,1019,263,47,317,641,479}",47,54
13,"{1020,318,534,156,426,48,264,372,858,102}",48,54
13,"{373,481,319,157,49,859,967,103,211,751}",49,54
13,"{266,50,158,428,698,968,860,374,482,104,320,536}",50,54
13,"{699,213,969,375,267,483,645,753,915,429,105,321,159}",51,54
13,"{268,214,322,52,430,916,862,970}",52,54
13,"{863,269,971,53,485,107,755,917,215}",53,54
14,"{54,972,702,486,162,270,216,378,432,864,918,324}",0,54
14,"{703,1027,919,271,1,379,865,109}",1,54
14,"{326,110,974,650,920,272,758,488,164}",2,54
14,"{111,219,489,1029,867,759,273,57}",3,54
14,"{112,760,1030,382,58,814,220}",4,54
14,"{923,167,437,221,329,869,707,5,1031,977,383,59}",5,54
14,"{60,762,330,654,276,6,114,384,438,1032}",6,54
14,"{169,493,331,1033,277,925,709,763,979,61,385,7,655}",7,54
14,"{62,224,170,656,386,278,1034,440,8}",8,54
14,"{1035,765,333,981,387,9,495,279,225}",9,54
14,"{388,226,64,496,874,820,280}",10,54
14,"{173,227,11,821,983,443,713,119,65,875}",11,54
14,"{12,66,120,174,714,282,1038,660,822,336,876}",12,54
14,"{715,175,67,13,283,1039,229,445,877,391}",13,54
14,"{770,230,338,986,878,662,14,1040}",14,54
14,"{933,987,717,393,15,879,1041,231}",15,54
14,"{934,448,1042,772,880,988,124}",16,54
14,"{125,233,1043,341,665,719,179,989,287,881,503}",17,54
14,"{1044,234,666,990,126,18,936,450,72,882,180,396}",18,54
14,"{667,451,991,289,829,1045,73,883}",19,54
14,"{992,1046,20,452,128,830,182,884,506,290,776}",20,54
14,"{183,399,993,453,723,615,291,885,1047,345,129}",21,54
14,"{1048,400,670,292,940,22,886,454,724}",22,54
14,"{293,239,887,1049,995,23,671,401,725,509,347}",23,54
14,"{78,456,402,24,132,294,1050,942,348,240,996,780,726}",24,54
14,"{673,403,295,349,133,25,241,997,727,1051,457,511}",25,54
14,"{296,404,80,26,458,1052,998,944,350,134,242}",26,54
14,"{135,783,999,297,513,675,351,945,837,27,729,1053,405,189}",27,54
14,"{136,784,82,838,244,460,1000,514,406,622}",28,54
14,"{515,299,947,1001,407,677,461,353,83,137}",29,54
14,"{354,84,408,786,138,462,30,840,516}",30,54
14,"{841,463,355,1003,409,139,247,787,517,85}",31,54
14,"{140,194,1004,464,356,410,842,86,950,32,680,302}",32,54
14,"{681,195,789,411,303,843,249,1005,951}",33,54
14,"{142,412,736,844,952,358,304,34,520,1006}",34,54
14,"{359,1007,251,683,197,413,845,953,35}",35,54
14,"{306,1008,414,90,468,252,144,792,846,36}",36,54
14,"{469,631,91,307,847,415,739,253}",37,54
14,"{200,470,308,92,362,1010,416,794,956,146,848}",38,54
14,"{255,957,309,741,39,525,147,1011}",39,54
14,"{796,742,1012,40,688,364,202,418,256,472,850}",40,54
14,"{959,743,311,257,365,635,419,41,95,797,1013}",41,54
14,"{906,366,960,474,852,42,96,420,528}",42,54
14,"{367,1015,907,313,529,421,853,691}",43,54
14,"{260,746,1016,476,206,692,368,152,908,962,44}",44,54
14,"{423,855,747,909,45,1017,207,99,639,369}",45,54
14,"{424,910,1018,208,46,370,478}",46,54
14,"{911,965,479,533,47,749,317,263,1019,371,101,641}",47,54
14,"{534,1020,102,48,426,372,264,318,156,858}",48,54
14,"{319,967,373,1021,211,49,859,751,103,481,157}",49,54
14,"{320,698,860,158,374,50,482,104,536,266,428,968}",50,54
14,"{213,1023,105,321,969,699,915,483,159,375,645,753,267,429}",51,54
14,"{322,52,970,430,268,862,1024,214}",52,54
14,"{485,107,269,863,971,215,917,53,755}",53,54
15,"{54,486,702,324,216,270,162,864,378,918,432,972}",0,54
15,"{1,109,919,271,703,379,865,1027}",1,54
15,"{488,758,164,920,974,110,326,272,650}",2,54
15,"{1029,867,57,219,759,273,111,489}",3,54
15,"{814,1030,382,760,112,220,58}",4,54
15,"{923,221,5,707,59,1031,977,437,167,383,329}",5,54
15,"{384,276,1032,6,438,60,330,114,762}",6,54
15,"{925,655,763,7,61,979,1033,709,169,277,331,493,385}",7,54
15,"{278,1034,62,8,170,386,656,440}",8,54
15,"{333,9,981,225,387,765,279,1035,495}",9,54
15,"{496,874,64,388,226,280,820}",10,54
15,"{713,65,11,821,983,173,227,875,119,443}",11,54
15,"{174,822,336,12,66,660,282,714,876,1038,120}",12,54
15,"{175,715,391,877,1039,67,229,445,13,283}",13,54
15,"{662,878,986,230,338,1040,770,14}",14,54
15,"{15,1041,879,393,933,987,231,717}",15,54
15,"{880,988,772,1042,934,124,448}",16,54
15,"{989,665,233,179,1043,287,719,881,503,125,341}",17,54
15,"{72,936,180,1044,990,234,18,666,882,450,126,396}",18,54
15,"{1045,991,289,73,883,667,451,829}",19,54
15,"{830,452,884,1046,506,20,128,182,992,290,776}",20,54
15,"{345,291,399,183,885,993,615,723,129,1047,453}",21,54
15,"{886,1048,400,670,292,22,724,454,940}",22,54
15,"{887,995,23,509,239,1049,293,671,347,725,401}",23,54
15,"{942,1050,348,294,456,132,240,402,996,78,726,780,24}",24,54
15,"{25,349,727,403,511,241,457,673,295,1051,133,997}",25,54
15,"{1052,242,458,296,350,134,80,404,26,944,998}",26,54
15,"{351,27,783,135,729,1053,405,297,945,189,675,513,999,837}",27,54
15,"{622,82,136,244,784,514,1054,406,1000,838,460}",28,54
15,"{299,1055,407,677,461,83,515,137,947,1001,353}",29,54
15,"{462,354,30,1056,408,138,516,840,84,786}",30,54
15,"{517,1057,409,85,787,355,1003,841,463,139,247}",31,54
15,"{86,464,302,140,194,1058,410,356,680,32,842,950}",32,54
15,"{1059,1005,303,681,195,789,951,249,411,843}",33,54
15,"{1060,34,304,412,520,142,358,844,1006,952,736}",34,54
15,"{1061,953,359,197,251,35,413,683,845,1007}",35,54
15,"{252,90,414,1008,792,36,306,144,468,846}",36,54
15,"{847,415,739,631,307,469,91,253}",37,54
15,"{308,416,200,956,1010,848,794,92,146,470,362}",38,54
15,"{147,957,39,309,1011,255,741}",39,54
15,"{1012,418,688,742,40,472,364,850,202,796,256}",40,54
15,"{95,797,257,365,635,743,41,419,311,959}",41,54
15,"{852,906,420,366,42,96,528,960,474}",42,54
15,"{691,853,529,907,1015,367,421,313}",43,54
15,"{368,476,962,1016,152,260,206,692,908,746,44}",44,54
15,"{423,747,909,369,99,207,45,1017,639}",45,54
15,"{370,424,478,46,208,910}",46,54
15,"{1019,371,263,533,641,101,749,479,47,317,965,911}",47,54
15,"{48,318,102,372,426,1020,156,858,264,534}",48,54
15,"{859,481,157,319,103,1021,373,49,751,211,967}",49,54
15,"{158,320,266,482,968,536,698,428,860,374,104,50}",50,54
15,"{753,159,429,267,915,321,699,969,1023,375,213,645,105,483}",51,54
15,"{862,268,970,430,214,322,1024,52}",52,54
15,"{755,53,917,485,215,269,863,107,971}",53,54
16,"{486,918,972,864,270,162,432,702,54,324,378,216}",0,54
16,"{703,109,919,1027,1,865,271,379}",1,54
16,"{974,758,488,164,650,920,326,272,110}",2,54
16,"{489,111,1029,273,759,57,867,219}",3,54
16,"{382,112,1030,58,760,220,814}",4,54
16,"{707,977,437,329,221,1031,923,167,383,5,59}",5,54
16,"{276,60,6,762,330,438,384,1032,114}",6,54
16,"{709,7,925,979,169,763,277,331,385,655,493,61}",7,54
16,"{440,656,62,1034,8,278,386,224,170}",8,54
16,"{981,9,387,765,225,495,279,1035,333}",9,54
16,"{820,226,64,496,388,280,874}",10,54
16,"{983,173,119,65,875,11,443,821,713,227}",11,54
16,"{1038,714,12,822,660,66,282,336,120,876,174}",12,54
16,"{13,229,391,283,67,715,445,877,1039}",13,54
16,"{770,14,986,662,1040,338,230,878}",14,54
16,"{231,393,987,1041,879,933,15,717}",15,54
16,"{124,988,448,934,1042,772,880}",16,54
16,"{665,125,989,233,179,503,881,1043,287,341,719}",17,54
16,"{450,234,936,18,396,882,126,1044,666,180,72,990}",18,54
16,"{667,289,73,1045,451,829,883,991}",19,54
16,"{20,452,128,992,830,776,290,182,1046,506,884}",20,54
16,"{399,723,345,129,1047,183,453,885,993,291,615}",21,54
16,"{940,724,292,400,454,670,886,1048,22}",22,54
16,"{887,995,23,671,293,239,725,347,1049,401}",23,54
16,"{726,132,24,1050,402,78,780,942,294,456,996,348,240}",24,54
16,"{241,403,295,673,511,133,349,997,1051,457,25,727}",25,54
16,"{134,1052,26,242,458,350,404,80,944,296,998}",26,54
16,"{189,1053,27,675,297,837,729,999,405,351,513,783}",27,54
16,"{1054,244,136,460,514,622,82,784,1000,838,406}",28,54
16,"{407,1001,461,83,515,677,353,947,137}",29,54
16,"{354,138,786,408,1056,462,84,30,840,516}",30,54
16,"{787,1003,463,355,85,247,139,409,841,517}",31,54
16,"{464,302,950,410,194,842,86,1058,140,356,32,680}",32,54
16,"{1005,303,843,1059,411,789,195,249,681}",33,54
16,"{34,304,1006,952,844,736,412,142,520,1060,358}",34,54
16,"{35,1061,1007,359,683,251,953,197,413,845}",35,54
16,"{252,144,306,90,36,468,1008,1062,846,414,792}",36,54
16,"{847,631,1063,91,415,739,253,469,307}",37,54
16,"{794,1010,956,416,92,362,308,848,200,1064,146,470}",38,54
16,"{1011,39,255,309,957,147,741,1065}",39,54
16,"{688,850,796,472,1066,742,418,1012,256,40,202,364}",40,54
16,"{1067,635,257,41,311,419,797,743,365,95,959}",41,54
16,"{42,906,852,366,96,528,474,1068,420,960}",42,54
16,"{367,1015,529,691,907,421,1069,313,853}",43,54
16,"{44,1016,746,1070,368,962,152,260,206,692,476,908}",44,54
16,"{639,1071,45,1017,909,369,99,423,207,747}",45,54
16,"{910,478,424,370,46,208}",46,54
16,"{101,371,479,263,965,641,47,911,749,1019,317,533}",47,54
16,"{426,264,372,102,534,156,318,48,858}",48,54
16,"{103,859,49,319,481,967,157,1021,751,373,211}",49,54
16,"{104,698,968,158,50,482,320,860,374,536,266,428}",50,54
16,"{159,483,915,105,645,969,267,375,699,1023,321,213,429,753}",51,54
16,"{862,52,322,268,430,1024,214}",52,54
16,"{971,917,485,269,53,863,215,755,107}",53,54
17,"{216,162,1080,378,486,972,432,324,702,864,54,918}",0,54
17,"{109,1027,271,379,1081,865,703,919}",1,54
17,"{110,650,1082,326,920,758,488,272,974,164}",2,54
17,"{975,489,1083,1029,111,273,219,57,759,867}",3,54
17,"{112,814,760,1084,220,1030,58,382}",4,54
17,"{59,977,707,1085,383,329,167,437,5,1031,221}",5,54
17,"{762,438,60,6,1032,330,384,1086,276}",6,54
17,"{331,979,385,709,61,7,169,655,925,277,493,763,1087}",7,54
17,"{656,224,278,1088,1034,8,62,170,440,386}",8,54
17,"{981,1089,225,9,333,279,765,657,1035,495,387,819}",9,54
17,"{1090,496,280,64,874,388}",10,54
17,"{1091,11,983,443,173,875,65,119,713}",11,54
17,"{336,282,174,66,12,1092,876,660,822,714,1038}",12,54
17,"{877,445,283,67,391,229,715,1093,13,1039}",13,54
17,"{14,122,986,1094,662,230,1040,878,284,770}",14,54
17,"{879,1095,231,933,1041,15,717,393,987}",15,54
17,"{772,1096,934,988,124,880,448,1042}",16,54
17,"{881,1097,125,233,719,665,287,1043,341,179}",17,54
17,"{126,234,1098,18,450,882,666,1044,180,936,396,72}",18,54
17,"{1045,1099,829,667,451,883,73,289}",19,54
17,"{452,830,20,506,290,128,1046,776,992,884,1100}",20,54
17,"{993,129,399,615,723,291,453,345,885,183,1047}",21,54
17,"{940,724,292,1048,454,22,886,400,670}",22,54
17,"{671,23,887,1049,995,725,347,239,401,941,293,509}",23,54
17,"{348,942,240,1050,726,780,78,132,996,402,456,294}",24,54
17,"{457,673,133,1051,997,25,295,403,511,241,349}",25,54
17,"{404,296,1052,458,350,242,134,26,944}",26,54
17,"{405,729,27,837,513,189,351,1053,783,297,999,675}",27,54
17,"{406,460,82,784,244,514,838,1000,1054,622,136}",28,54
17,"{947,461,677,515,353,731,1001,83,407}",29,54
17,"{408,354,462,138,786,840,1056,84,516}",30,54
17,"{517,139,85,787,463,841,247,409,355,1003}",31,54
17,"{32,464,410,1058,356,140,950,194,680,86,842,302}",32,54
17,"{1005,249,789,681,303,195,1059,843}",33,54
17,"{358,952,736,844,520,34,1060,1006,142,304}",34,54
17,"{1061,359,413,1007,845,683,953,35,197,251}",35,54
17,"{1008,468,1062,90,414,846,306,252,36}",36,54
17,"{469,631,415,91,739,1063,847,307,253}",37,54
17,"{470,308,146,848,362,200,92,794,416}",38,54
17,"{741,957,363,39,1065,1011,255,147}",39,54
17,"{256,742,40,1012,688,850,472,418,796,364,202}",40,54
17,"{797,635,311,41,1067,365,419,257,959,743}",41,54
17,"{1068,852,528,474,366,420,42,96,906,960}",42,54
17,"{853,1015,367,691,907,421,313}",43,54
17,"{1016,260,368,962,692,206,44,476,746,152}",44,54
17,"{747,909,1017,45,1071,99,639,207,423,369}",45,54
17,"{46,208,424,478,910,1072}",46,54
17,"{1073,371,911,749,47,101,1019,533,641,317,479,965}",47,54
17,"{534,102,426,372,48,966,642,1074,156,858,318,264}",48,54
17,"{751,49,1075,157,859,481,373,967,319,1021}",49,54
17,"{860,266,536,1076,50,320,698,428,482,374,158,968}",50,54
17,"{915,159,753,483,321,105,429,969,861,645,375,267,213,1023,699}",51,54
17,"{1024,268,322,1078,430,862,52,214}",52,54
17,"{1079,755,971,53,269,215,107,485,863,917}",53,54
18,"{1080,432,972,378,918,864,486,702,54,324,162,216}",0,54
18,"{865,379,271,1027,1081,919,109,703}",1,54
18,"{164,650,326,920,974,758,272,488}",2,54
18,"{273,867,57,759,489,651,975,1083,219,111,1029}",3,54
18,"{58,814,1084,220,112,382,760,1030}",4,54
18,"{5,383,221,1085,977,329,707,59,1031,167,437}",5,54
18,"{384,1032,762,60,276,6,330,438,1086}",6,54
18,"{925,169,655,331,709,7,979,763,385,277,1087,61}",7,54
18,"{656,386,440,62,1034,170,224,1088,8,278}",8,54
18,"{819,981,279,387,1089,333,9,225,1035,495,765,657}",9,54
18,"{64,1090,874,388,496,280}",10,54
18,"{1091,983,65,443,11,119,713,875,173}",11,54
18,"{66,1038,660,174,822,714,336,282,876,12}",12,54
18,"{229,283,877,1093,13,715,67,1039,391,445}",13,54
18,"{878,770,284,662,122,1094,230,1040,986,14}",14,54
18,"{1041,231,393,933,1095,15,987,717,879}",15,54
18,"{880,1042,448,1096,772,934,988,124}",16,54
18,"{1043,665,233,341,287,881,1097,125,179,719}",17,54
18,"{450,936,882,1044,666,234,126,1098,180,396,18,72}",18,54
18,"{883,1099,73,1045,289,451,667}",19,54
18,"{830,884,452,1100,992,20,128,290,776,506,1046}",20,54
18,"{723,615,399,453,993,1047,129,183,345,885,291}",21,54
18,"{292,940,670,886,400,22,1048,724,1102,454}",22,54
18,"{725,509,401,887,941,995,347,1049,23,239,293,671}",23,54
18,"{348,132,780,996,294,942,402,456,726,78,1050,240,1104}",24,54
18,"{133,403,25,349,241,673,1051,295,457,1105,511,997}",25,54
18,"{134,242,296,458,350,1052,1106,944,26,404}",26,54
18,"{513,189,783,27,837,999,675,405,1053,729,297,351}",27,54
18,"{784,136,622,838,1000,244,406,82,1054,1108,514,460}",28,54
18,"{947,1109,677,515,407,83,731,461,1001,353}",29,54
18,"{1110,408,786,840,1056,462,516,138,354,84}",30,54
18,"{517,139,463,841,1111,409,85,247,1003,787,355}",31,54
18,"{86,194,302,842,950,464,140,32,356,1058,1112,410,680}",32,54
18,"{1113,843,789,1005,303,1059,195,681,249}",33,54
18,"{358,1060,736,520,1006,304,34,142,844,952}",34,54
18,"{683,197,845,1061,953,1115,1007,35,359,251,413}",35,54
18,"{252,1062,468,90,1008,846,306,36,414}",36,54
18,"{631,739,253,1063,91,469,415,307,847}",37,54
18,"{200,308,146,470,362,92,416,794,848}",38,54
18,"{741,1011,1065,39,255,147,363}",39,54
18,"{418,40,256,472,742,688,364,796,850}",40,54
18,"{311,797,257,635,959,419,1067,41,365,743}",41,54
18,"{96,42,1068,960,420,366,852,906,528,474}",42,54
18,"{313,421,907,1015,367,853,691}",43,54
18,"{692,368,962,746,152,44,476,260,206,1016}",44,54
18,"{207,423,747,1017,639,1071,369,45,909,99}",45,54
18,"{478,424,46,208,1072,910}",46,54
18,"{47,965,317,641,479,101,749,371,911,533,1073}",47,54
18,"{858,372,264,48,102,534,156,318,426,1074}",48,54
18,"{859,49,319,373,1075,1021,967,157,481,751}",49,54
18,"{158,968,482,860,698,428,50,266,320,374,536}",50,54
18,"{753,321,159,915,1023,699,105,861,213,267,483,375,429,645,969}",51,54
18,"{268,862,52,1024,430,214,1078,322}",52,54
18,"{917,755,971,107,215,269,1079,53,863,485}",53,54
19,"{432,918,864,702,1188,1134,486,378,972,324,162,1080,216}",0,54
19,"{271,487,919,1081,1189,379,1135}",1,54
19,"{110,1190,1136,920,488,272,974,164,758}",2,54
19,"{489,273,219,57,111,1029,867,975,759,1137,1191}",3,54
19,"{1192,382,112,1030,814,58,922,1138}",4,54
19,"{329,5,1085,1193,437,1031,59,221,383,1139,167}",5,54
19,"{1140,384,276,438,330,1032,924,60,1194}",6,54
19,"{385,1087,1141,1195,169,331,277,979,7,655,709,925}",7,54
19,"{170,440,656,224,386,1034,8,62,1196,1142,278}",8,54
19,"{225,495,387,1035,279,765,1143,981,1197,333,819}",9,54
19,"{1090,1198,1144,280,388,820,64}",10,54
19,"{1199,443,173,227,119,1091,713,11,659,1145,983,65,875}",11,54
19,"{876,822,984,1200,66,282,336,714,174,1146,1092}",12,54
19,"{229,1039,283,985,1093,877,445,1201,13,67,1147}",13,54
19,"{986,230,14,122,1202,1148,770,1094,878,1040,284}",14,54
19,"{1041,1203,879,15,771,393,1095,1149}",15,54
19,"{1204,1042,772,880,1150,124,988,826,448}",16,54
19,"{233,1151,881,1097,1205,179,719,1043,341,287,125,665}",17,54
19,"{180,18,126,72,1152,450,990,666,234,1098,882,1044,936}",18,54
19,"{73,1045,829,937,667,883,235,451,1099,1153,505}",19,54
19,"{20,452,884,290,1046,1100,506,938,992,128,776}",20,54
19,"{885,129,75,291,345,1047,615,453,1155}",21,54
19,"{1102,22,1048,940,886,454,1156,670,292}",22,54
19,"{941,401,1157,887,995,1049}",23,54
19,"{780,240,1158,78,456,186,132,834,726}",24,54
19,"{295,349,403,79,673,997,133,457,241,1159,1105,25,1051}",25,54
19,"{1052,26,242,458,350,404,836,134,1160,944}",26,54
19,"{405,999,675,729,783,1161,513,297,189,351,837,1053}",27,54
19,"{1054,514,244,406,784,82,838,622,460,1162}",28,54
19,"{83,731,947,1163,407,677,461,515}",29,54
19,"{840,1056,462,1164,516,786,408,84,138,354,192,1110}",30,54
19,"{247,1003,355,409,1057,463,139,841,85,787}",31,54
19,"{1058,356,140,32,842,680,302,1166,464,950,86,410,194}",32,54
19,"{1113,843,1059,789,1167,681,303}",33,54
19,"{304,1006,736,1168,844,142,34,952}",34,54
19,"{251,413,1007,197,1169,845,359,35,683}",35,54
19,"{1170,846,90,414,468,306,252,36}",36,54
19,"{847,253,307,91,1171,469,739,415,1009}",37,54
19,"{200,1118,362,470,308,1172,92,416,794,848}",38,54
19,"{1065,741,147,1119,1173,255,39}",39,54
19,"{1120,904,256,796,202,1174,742,418,472,688,40}",40,54
19,"{41,1067,1175,419,257,365,311,1121}",41,54
19,"{1122,474,420,96,528,960,852,1176,42,906}",42,54
19,"{853,313,961,907,1177,1015,691,1123}",43,54
19,"{152,44,368,206,1070,746,476,692,1016,1178,1124}",44,54
19,"{1071,909,1179,1017,423,369,207,1125,639,99}",45,54
19,"{1180,910,1072,424,46,478,208,694,1126}",46,54
19,"{371,1127,857,47,1181,317,479,101,911}",47,54
19,"{102,48,426,372,858,264,1128,1182}",48,54
19,"{49,481,1129,1183,373,1021,859,751,967,157}",49,54
19,"{1184,266,320,158,428,1130,536,968,860,482,374,50,698}",50,54
19,"{861,1131,915,483,1185,429,105,159,375,1023,213,753,699,969,537,321,267}",51,54
19,"{1024,970,1186,214,268,1132,430}",52,54
19,"{1187,1079,485,269,215,809,53,755,107,863,1133}",53,54
20,"{702,324,972,216,918,378,54,486,864,432}",0,54
20,"{1081,271,379,919,1027,109,703,865}",1,54
20,"{920,164,974,272,650,488,326}",2,54
20,"{489,651,273,867,57,111,759,1029,975,1245}",3,54
20,"{220,1084,760,1246,814,382,112,58,1030}",4,54
20,"{329,707,1031,383,437,59,221,977,5,167,1085}",5,54
20,"{1032,438,330,762,384,60,6,276,978}",6,54
20,"{7,61,709,169,763,655,979,277,385,925,1087,331}",7,54
20,"{1088,386,278,1034,656,62,224,8,440,170}",8,54
20,"{225,819,9,387,279,981,333,495,765,1035}",9,54
20,"{874,388,1090,1252,280,64,496,820}",10,54
20,"{875,1253,1091,983,173,443,119,713,65,11}",11,54
20,"{12,714,174,660,984,876,1038,822,282,66,336}",12,54
20,"{229,1093,67,1039,715,13,877,283,391,445}",13,54
20,"{662,14,230,1094,1040,770,878}",14,54
20,"{933,987,1041,15,393,879,231,1095,717}",15,54
20,"{124,772,1042,1096,934,880,448,988}",16,54
20,"{1043,1259,881,287,179,341,125,719,665,233}",17,54
20,"{936,450,18,1260,666,180,234,396,126,882,72,1044}",18,54
20,"{289,1045,883,1261,1099,73,667}",19,54
20,"{20,884,1046,452,506,1262,128,776,992}",20,54
20,"{453,1047,345,993,885,291,399,1263,129,615,723}",21,54
20,"{670,886,454,1264,22,400,292,940,1048,1102}",22,54
20,"{293,23,1049,941,239,347,725,887,401,509,995}",23,54
20,"{456,780,942,132,726,996,402,78,294,348,240}",24,54
20,"{1105,241,511,349,997,673,133,295,1051,403,457,25}",25,54
20,"{1106,404,1052,296,944,458,1160,134,350,1214,26,242}",26,54
20,"{675,729,999,297,27,1053,405,351,837,513,1215,783,189}",27,54
20,"{784,460,622,838,82,136,1054,514,1108,244,1000,1216,406}",28,54
20,"{947,461,407,353,515,1001,1109,83,677}",29,54
20,"{840,1110,408,138,462,516,1056,786,354,84}",30,54
20,"{1003,85,355,409,139,247,463,517,841,787}",31,54
20,"{464,194,356,950,302,140,410,842,1220,32,86,1112,680}",32,54
20,"{1059,249,1221,1005,789,195,1113,681,843}",33,54
20,"{1060,520,34,142,358,1222,736,844,304,1006,952}",34,54
20,"{359,413,845,953,1061,197,683,1223,251,35}",35,54
20,"{1062,36,306,468,846,252,414,1008,90}",36,54
20,"{631,469,847,1063,739,253,307,91,415}",37,54
20,"{416,362,92,848,794,470,1118,308,200,1226}",38,54
20,"{363,39,741,1011,147,255,1227}",39,54
20,"{202,850,472,40,742,688,364,796,256,418}",40,54
20,"{635,257,1229,959,1067,41,311,797,419,743,365}",41,54
20,"{96,474,528,960,852,906,1230,366,1068,42,420}",42,54
20,"{853,1015,691,421,367,313,1231,907}",43,54
20,"{962,746,1016,476,368,44,206,152,692,260}",44,54
20,"{369,639,909,423,1233,45,1017,747,1071,99}",45,54
20,"{46,1072,424,910,478,208}",46,54
20,"{1181,101,911,533,965,1235,371,1073,47,479,1019,317,749}",47,54
20,"{264,1074,48,858,534,156,318,426,102,372}",48,54
20,"{859,319,1237,157,1021,751,481,373,49}",49,54
20,"{374,50,1238,698,536,266,158,320,482,428,860,968}",50,54
20,"{483,645,105,321,159,429,915,375,1239,861,699,753,267,1023,969,213}",51,54
20,"{268,52,430,322,1024,862,214,1240}",52,54
20,"{863,269,107,755,215,485,53,1079,917}",53,54
23,"{864,216,54,432,486,324,1242,378,972,702}",0,54
23,"{919,271,1243,379,109,1081,865,703}",1,54
23,"{920,1244,272,326,488,974,164}",2,54
23,"{1029,273,57,867,1245,975,111,759,489}",3,54
23,"{814,382,220,58,1084,1030,1246,112}",4,54
23,"{437,383,329,1247,1085,5,707,1031,59,221,977,167}",5,54
23,"{276,60,762,6,1032,384,438,330,1248,978}",6,54
23,"{979,763,169,709,655,277,925,1087,7,1249,331,61,385}",7,54
23,"{1250,278,224,62,1034,386,656,170,440,1088,8}",8,54
23,"{279,819,9,225,1251,981,495,1035,387,333,765}",9,54
23,"{1252,820,874,64,388,280}",10,54
23,"{65,119,173,443,713,875,983,1253,11}",11,54
23,"{336,282,12,822,714,876,66,660,174,984,1254,1038}",12,54
23,"{1039,13,67,391,715,445,229,283,877,1255,1093}",13,54
23,"{878,284,14,662,1040,1256,230,770}",14,54
23,"{987,393,1041,231,15,717,879,933,1257}",15,54
23,"{124,448,1258,1042,880,772,1096,988}",16,54
23,"{125,881,179,233,287,719,1043,341,665}",17,54
23,"{180,666,936,126,396,72,450,1044,882,18,234}",18,54
23,"{883,667,1045,73,1099,289}",19,54
23,"{776,128,20,992,1046,506,452,884,1208,1100}",20,54
23,"{1209,399,129,291,345,453,615,1047,723,993,885}",21,54
23,"{1210,400,1048,940,886,670,454,22,292,1102}",22,54
23,"{995,23,293,887,941,1049,347,401,1211,509,239,725}",23,54
23,"{726,78,240,1212,942,456,402,132,348,780,294}",24,54
23,"{457,511,25,1051,1213,673,295,997,241,133,349,403,1105}",25,54
23,"{1160,1052,1106,458,944,134,350,404,296,1214,242}",26,54
23,"{837,297,1215,729,189,783,351,1053,405,27,513,675,999}",27,54
23,"{838,1108,514,1216,784,82,622,1000,136,1054,406,244,460}",28,54
23,"{677,353,83,461,1217,1001,515,947,1109,407}",29,54
23,"{408,1218,1110,462,1056,840,786,516,138,354,84}",30,54
23,"{1219,355,787,841,139,1003,85,409,463,517,247}",31,54
23,"{302,410,680,194,86,842,32,464,950,356,1220}",32,54
23,"{1113,195,843,1221,789,1059,681}",33,54
23,"{952,1006,1222,844,1060,358,736,142,304}",34,54
23,"{251,413,359,683,35,1223,197,845,1061,953}",35,54
23,"{1062,846,414,468,306,36,1224,252,90}",36,54
23,"{307,1225,469,415,253,1063,91,739,631,847}",37,54
23,"{416,92,200,362,1226,848,794,1118,470}",38,54
23,"{363,255,1011,1227,147,39,741}",39,54
23,"{688,742,418,472,364,40,796,1228,256,202}",40,54
23,"{959,41,1229,743,797,419,1067,635,311,365}",41,54
23,"{42,420,366,960,528,1068,96,1230,906,852,474}",42,54
23,"{367,1015,421,313,907,691,853,1231}",43,54
23,"{476,962,152,44,260,692,368,746,1232,206,1016}",44,54
23,"{99,45,369,1233,909,747,423,1071,639,1017}",45,54
23,"{46,1072,1234,208,910,424,478}",46,54
23,"{479,533,749,1181,965,47,317,101,911,371,1019,1235}",47,54
23,"{264,48,318,858,1236,102,1074,426,156,372,534}",48,54
23,"{481,859,751,373,1021,319,1237,157,49}",49,54
23,"{1238,428,50,860,158,698,374,536,968,482,266}",50,54
23,"{1239,159,483,267,321,915,429,105,645,1023,699,375,969,753,861,213}",51,54
23,"{1240,322,1024,430,268,214,52,862}",52,54
23,"{485,107,215,755,917,53,269,1241,863,1079}",53,54
24,"{725,1265,239,1049,293,509,887,941,347}",23,54
24,"{445,13,1039,67,715,283,877,1255,1309,391}",13,54
24,"{736,952,1276,142,1006,304,1060,358}",34,54
24,"{216,54,864,702,324,972,1296,432,486,378}",0,54
24,"{268,214,52,1024,484,322,1294,430}",52,54
24,"{1048,1102,22,670,292,454,886,400,940,1210}",22,54
24,"{858,264,1128,48,102,1236,156,1290,318,426,372}",48,54
24,"{266,860,698,968,158,1292,536,428,482,374}",50,54
24,"{819,225,9,387,981,333,495,1305,765,1035}",9,54
24,"{215,269,1079,53,863,107,755,485,1295}",53,54
24,"{1209,723,129,75,615,291,345,1047,453,885,399}",21,54
24,"{271,1081,703,109,919,1243,1297,379}",1,54
9,"{538,376,700,106,754,484,970,646,808,1078,916}",52,54
24,"{256,742,40,1228,202,1282,688,1174,472,418,796,364}",40,54
24,"{859,49,751,157,1237,1291,319,481,373}",49,54
24,"{739,91,1225,1279,307,1063,1171,469,415,631,253}",37,54
24,"{1072,46,910,1234,208,1288,424,478}",46,54
24,"{273,1137,57,111,1029,867,759,975,1245,1299,489}",3,54
24,"{1054,244,1270,784,460,136,1162,1000,514,622,838}",28,54
24,"{230,770,14,1148,284,662,1040,878,1256,1310}",14,54
24,"{263,101,749,1235,317,1289,533,1181,965,1019,479,371,47}",47,54
24,"{385,709,61,7,1087,169,979,331,655,277,925,1303,763}",7,54
24,"{1118,92,1226,200,1280,470,362,416,794}",38,54
24,"{909,45,747,99,1287,1071,639,423}",45,54
24,"{66,714,984,1038,822,174,336,768,1254,1308,876}",12,54
24,"{267,213,105,699,1023,915,159,1239,321,1293,969,645,429,483,375}",51,54
24,"{907,1015,1231,1285,691,313,853,421,367}",43,54
24,"{713,11,65,119,983,173,659,443,1253,1307,875}",11,54
24,"{240,1266,1212,942,726,78,132,294,456,402,348}",24,54
24,"{959,1067,41,743,1283,311,635,365,419}",41,54
24,"{252,36,1278,306,1062,468,90,414}",36,54
24,"{978,276,1032,6,60,1140,384,330,438,1302,762}",6,54
24,"{820,64,1144,280,1252,1306,1198,874,388}",10,54
24,"{1001,1217,1271,83,677,1109,947,515,461,353,407}",29,54
24,"{260,746,1016,44,692,152,206,1286,962,476,368}",44,54
24,"{251,35,1223,1277,197,1061,953,845,413,359}",35,54
24,"{1215,1269,729,27,783,675,999,297,513,405,351,837}",27,54
24,"{1214,134,944,296,1160,1052,458,350,404}",26,54
24,"{233,125,179,287,665,1043,503,881,1205,1313}",17,54
24,"{220,814,58,1030,1084,1138,112,760,382}",4,54
24,"{18,1044,936,72,126,990,180,666,450,882,396,1314}",18,54
24,"{20,506,992,452,884,1100}",20,54
24,"{1034,224,62,8,1088,170,386,278,656,440,1304}",8,54
9,"{890,512,674,782,188,728}",26,54
8,"{911,533,479,1019,749,371,47,965,317,101,641,263,1235}",47,54
24,"{1056,1272,1218,786,84,138,1110,516,840,462,354,408}",30,54
24,"{247,1273,1219,85,139,1057,1003,517,463,355,409}",31,54
24,"{32,1274,86,680,194,302,1166,950,842,464,356,410}",32,54
24,"{255,39,741,1227,1281,147,1011,363}",39,54
24,"{1213,1267,25,133,1051,79,997,673,1159,295,511,457,403,349}",25,54
24,"{42,96,906,1284,960,852,528,474,366,420}",42,54
24,"{231,15,717,933,1041,987,879,1257,1311,393}",15,54
24,"{110,974,164,920,1244,326,1298,650,488}",2,54
8,"{438,654,330,60,762,384,276,6,1140}",6,54
24,"{221,5,59,1085,707,167,329,383,1031,437,1301,977}",5,54
8,"{878,338,230,14,770,284,1040,662,176,392,1148}",14,54
8,"{1027,271,109,703,379,649,865,1,919,1297}",1,54
24,"{789,1275,681,1167,1113}",33,54
24,"{73,1045,289,1099,883,1315}",19,54
24,"{124,1096,988,448,1042,880,1258}",16,54
9,"{901,1009,523,37,685,199,361,145}",37,54
9,"{823,1255,661,175,769,499,121,931}",13,54
9,"{745,259,799,151,205,97,475,43,637,1123}",43,54
8,"{868,112,814,58,220,382,760}",4,54
9,"{802,748,640,856,316,100,154,262,694,1018}",46,54
